10 0.0004 -1
10 0.0003 -1
10 0.0003 -1
1000 0.1381 -1
1000 0.1395 -1
1000 0.1388 -1
100000 1454.76 -1
100000 1434.52 -1
100000 1429.8 -1
10 0.0006 -1
10 0.0002 -1
10 0.0002 -1
10 0.0004 -1
10 0.0003 -1
10 0.0003 -1
10 0.0004 -1
10 0.0003 -1
10 0.0004 -1
10 0.0003 -1
10 0.0002 -1
10 0.0001 -1
10 0.0002 -1
10 0.0003 -1
10 0.0003 -1
10 0.0003 -1
10 0.0004 -1
10 0.0003 -1
1000 0.1313 -1
1000 0.1344 -1
1000 0.1284 -1
1000 0.143 -1
1000 0.1389 -1
1000 0.1388 -1
1000 0.0014 -1
1000 0.0019 -1
1000 0.0014 -1
1000 0.0016 -1
1000 0.0014 -1
1000 0.0014 -1
1000 0.2484 -1
1000 0.2557 -1
1000 0.4331 -1
1000 0.2873 -1
1000 0.2907 -1
1000 0.2819 -1
100000 1432.16 -1
100000 1340.65 -1
100000 1280.57 -1
100000 1518.71 -1
100000 1526.32 -1
100000 1457.93 -1
100000 0.1682 -1
100000 0.1492 -1
100000 0.1235 -1
100000 0.1436 -1
100000 0.1423 -1
100000 0.1342 -1
100000 2917.37 -1
100000 2760.76 -1
100000 2723.33 -1
100000 2999.28 -1
100000 2918.63 -1
100000 3042.87 -1
