10 0.0038 -1
10 0.0037 -1
10 0.0033 -1
1000 0.2138 -1
1000 0.159 -1
1000 0.2363 -1
100000 18.3006 -1
100000 19.6052 -1
100000 19.9688 -1
10 0.0036 -1
10 0.0034 -1
10 0.0033 -1
10 0.0075 -1
10 0.0037 -1
10 0.0036 -1
10 0.0033 -1
10 0.0036 -1
10 0.0033 -1
10 0.0063 -1
10 0.0061 -1
10 0.0053 -1
10 0.0055 -1
10 0.0035 -1
10 0.0067 -1
10 0.0036 -1
10 0.0056 -1
10 0.0033 -1
1000 0.1441 -1
1000 0.1544 -1
1000 0.1387 -1
1000 0.2379 -1
1000 0.1582 -1
1000 0.1687 -1
1000 0.1288 -1
1000 0.129 -1
1000 0.1113 -1
1000 0.1308 -1
1000 0.1172 -1
1000 0.1301 -1
1000 0.1917 -1
1000 0.1816 -1
1000 0.2267 -1
1000 0.1379 -1
1000 0.1266 -1
1000 0.1825 -1
100000 16.0854 -1
100000 16.7595 -1
100000 16.4751 -1
100000 23.8885 -1
100000 21.3268 -1
100000 24.2824 -1
100000 21.1646 -1
100000 13.0852 -1
100000 13.8529 -1
100000 14.767 -1
100000 16.1287 -1
100000 14.1018 -1
100000 12.8877 -1
100000 16.3752 -1
100000 22.7849 -1
100000 15.3004 -1
100000 13.5478 -1
100000 12.7082 -1
