10 0.0033 -1
10 0.0051 -1
10 0.0028 -1
1000 0.1646 -1
1000 0.1338 -1
1000 0.1259 -1
100000 65.4983 -1
100000 66.2062 -1
100000 63.5347 -1
10 0.0061 -1
10 0.0084 -1
10 0.0034 -1
10 0.0031 -1
10 0.003 -1
10 0.0033 -1
10 0.0033 -1
10 0.0031 -1
10 0.0057 -1
10 0.0053 -1
10 0.0072 -1
10 0.0049 -1
10 0.0032 -1
10 0.0044 -1
10 0.0056 -1
10 0.0028 -1
10 0.0041 -1
10 0.0034 -1
1000 0.1611 -1
1000 0.1134 -1
1000 0.163 -1
1000 0.1423 -1
1000 0.1296 -1
1000 0.1636 -1
1000 0.0885 -1
1000 0.0855 -1
1000 0.0904 -1
1000 0.0918 -1
1000 0.1067 -1
1000 0.0897 -1
1000 0.2415 -1
1000 0.0886 -1
1000 0.1075 -1
1000 0.1051 -1
1000 0.098 -1
1000 0.0958 -1
100000 66.2234 -1
100000 62.3881 -1
100000 61.3225 -1
100000 68.1524 -1
100000 64.0956 -1
100000 64.7156 -1
100000 62.4371 -1
100000 59.9744 -1
100000 58.7381 -1
100000 60.3115 -1
100000 59.263 -1
100000 103.339 -1
100000 64.0015 -1
100000 68.1951 -1
100000 75.9286 -1
100000 59.6067 -1
100000 56.4332 -1
100000 57.2218 -1
