10 1.7143 -1
10 1.4717 -1
10 1.5112 -1
1000 1.4522 -1
1000 2.1545 -1
1000 2.7931 -1
100000 8.6039 -1
100000 9.1644 -1
100000 8.5447 -1
10 2.233 -1
10 2.0312 -1
10 1.9611 -1
10 1.4167 -1
10 1.7763 -1
10 2.6676 -1
10 1.9249 -1
10 1.9149 -1
10 1.5771 -1
10 2.3786 -1
10 2.4114 -1
10 1.6168 -1
10 2.0569 -1
10 1.5238 -1
10 1.4043 -1
10 1.3912 -1
10 1.6808 -1
10 2.6628 -1
1000 1.4926 -1
1000 1.4295 -1
1000 1.492 -1
1000 1.4643 -1
1000 1.4699 -1
1000 1.9962 -1
1000 1.5326 -1
1000 1.4653 -1
1000 1.4545 -1
1000 1.5793 -1
1000 1.4797 -1
1000 2.1604 -1
1000 1.4542 -1
1000 1.7228 -1
1000 2.5182 -1
1000 1.6063 -1
1000 1.6603 -1
1000 1.4791 -1
100000 323.826 -1
100000 321.85 -1
100000 341.034 -1
100000 9.4132 -1
100000 9.6263 -1
100000 10.5285 -1
100000 389.971 -1
100000 323.212 -1
100000 341.002 -1
100000 5.4036 -1
100000 4.5437 -1
100000 4.3768 -1
100000 342.262 -1
100000 319.709 -1
100000 378.692 -1
100000 4.8261 -1
100000 4.6845 -1
100000 5.0699 -1
