10 0.0005 -1
10 0.0004 -1
10 0.0004 -1
1000 0.0361 -1
1000 0.0361 -1
1000 0.0375 -1
100000 5.6059 -1
100000 6.6803 -1
100000 5.7031 -1
10 0.0008 -1
10 0.0004 -1
10 0.0008 -1
10 0.0007 -1
10 0.0004 -1
10 0.0005 -1
10 0.0006 -1
10 0.0006 -1
10 0.0012 -1
10 0.0008 -1
10 0.0009 -1
10 0.0006 -1
10 0.0006 -1
10 0.0005 -1
10 0.0005 -1
10 0.0016 -1
10 0.0023 -1
10 0.0021 -1
1000 0.0257 -1
1000 0.0196 -1
1000 0.0193 -1
1000 0.0361 -1
1000 0.0402 -1
1000 0.0378 -1
1000 0.0067 -1
1000 0.0065 -1
1000 0.0069 -1
1000 0.0118 -1
1000 0.0071 -1
1000 0.01 -1
1000 0.007 -1
1000 0.0071 -1
1000 0.0075 -1
1000 0.0057 -1
1000 0.0051 -1
1000 0.0053 -1
100000 2.7326 -1
100000 2.2994 -1
100000 1.9839 -1
100000 5.7484 -1
100000 5.737 -1
100000 5.7072 -1
100000 0.8331 -1
100000 1.1566 -1
100000 0.7695 -1
100000 1.1466 -1
100000 1.1868 -1
100000 1.166 -1
100000 0.7447 -1
100000 0.9551 -1
100000 1.0683 -1
100000 0.7435 -1
100000 0.7275 -1
100000 0.7453 -1
