0 0 0 8 0 0 0 0 0 0 0 0 0 0 0 0
0 0 0 0 0 0 0 0 0 0 0 0 0 0 0 0
0 0 0 14 0 0 0 0 0 0 0 0 0 0 0 0
0 16 0 0 2 0 6 0 0 0 0 0 0 0 0 7
0 0 0 10 0 0 0 0 0 0 0 0 0 0 0 0
0 63 0 21 0 0 5 0 0 0 0 0 56 0 0 35
0 0 0 0 0 0 0 0 0 0 0 0 0 0 0 0
0 78 0 18 0 0 20 0 0 0 20 0 50 0 0 54
0 0 0 2 0 0 0 0 0 0 0 0 0 0 0 0
0 0 0 0 0 0 0 0 0 0 0 0 0 0 0 7
0 0 0 0 0 0 0 0 0 0 0 0 0 0 0 0
0 0 0 0 0 0 0 0 0 0 0 0 0 0 0 0
0 12 0 0 0 0 17 0 0 0 10 0 65 0 0 12
0 0 0 0 0 0 0 0 0 0 0 0 0 0 0 0
0 0 0 8 0 0 28 0 0 0 0 0 0 0 0 12
0 0 0 0 0 0 0 0 0 0 0 0 0 0 0 0
