0 0 44 0 38 36 6 0 12 0 24 36 0 0 0 18 66 0 2 0 0 0 0 36 32 23 20 32 2 0 0 0 0 0 54 0 0 18 0 0 21 24 2 0 28 0 36 0 0 32 0 0 0 0 0 0 0 57 0 0 0 6 6 0
0 0 0 0 0 45 0 0 0 0 0 0 0 54 0 0 0 0 0 12 0 0 63 0 0 0 0 0 0 0 0 0 0 0 0 54 18 72 10 0 0 73 99 0 93 12 42 36 0 0 0 0 0 30 48 20 0 0 0 0 36 0 0 0
0 36 0 0 0 0 20 2 24 52 36 12 0 0 32 0 0 10 0 2 0 0 64 8 40 2 25 6 17 0 0 10 0 38 102 0 20 36 15 0 0 15 0 0 0 42 28 42 28 0 0 50 42 18 0 37 0 0 0 30 0 86 34 0
0 54 54 0 0 0 0 0 0 0 0 0 58 0 14 0 0 16 9 0 0 36 42 24 24 0 81 0 114 0 0 16 0 60 36 32 32 0 0 0 9 0 0 0 9 0 32 0 9 0 0 0 42 8 28 8 36 0 0 48 27 0 28 18
0 4 0 0 48 9 20 24 0 32 0 0 2 0 18 0 0 0 16 0 24 46 0 0 12 8 0 0 0 0 0 12 0 0 42 48 0 6 0 8 24 0 4 0 36 0 16 0 15 9 21 0 0 4 14 0 18 0 11 0 8 12 14 0
45 24 0 0 18 18 6 27 30 0 35 12 0 27 54 0 0 6 36 48 81 0 18 8 0 72 0 42 0 0 0 90 54 0 76 0 9 0 0 36 21 45 81 27 33 6 39 18 28 0 3 38 0 24 24 0 0 27 0 0 18 0 27 9
0 0 6 0 5 45 15 18 0 28 20 24 0 0 0 0 6 0 12 0 0 21 87 0 0 6 0 0 9 0 0 0 0 8 9 78 0 75 16 18 18 40 63 0 96 0 34 0 0 0 0 0 0 48 0 32 0 5 0 0 0 36 24 0
0 0 72 12 6 3 0 0 0 0 0 0 5 27 7 0 18 14 8 48 0 45 0 0 30 0 0 42 29 0 24 18 0 0 50 40 37 14 6 0 0 39 18 0 14 6 61 18 5 3 7 0 0 28 59 19 45 0 1 42 18 0 41 0
0 0 0 12 48 0 0 72 0 0 0 0 0 0 0 0 0 0 0 0 0 0 48 0 0 0 0 0 0 24 0 0 0 0 0 0 0 0 0 0 0 56 0 9 0 0 0 0 0 0 0 0 6 64 0 0 0 0 0 0 0 0 56 0
24 3 64 0 30 0 0 45 54 12 45 27 0 16 0 0 0 0 0 0 18 0 54 81 56 35 63 75 0 12 0 0 0 15 63 0 0 32 0 0 28 35 0 36 0 21 0 21 63 56 0 81 21 40 0 0 0 0 0 0 0 0 35 28
45 0 0 0 0 0 0 0 95 56 32 81 79 95 63 0 54 0 18 0 105 72 48 0 0 63 0 39 0 0 0 63 36 43 0 0 63 0 9 93 15 12 63 0 0 0 56 0 0 0 0 0 81 0 63 0 48 20 0 2 10 88 48 9
36 18 0 0 0 9 0 0 0 3 0 0 90 0 8 0 0 27 0 0 54 0 56 32 0 0 0 0 0 0 0 72 0 8 0 0 0 18 0 0 0 0 72 0 0 0 0 0 0 0 0 0 56 0 63 0 0 0 12 0 0 0 0 24
12 4 0 0 0 0 30 36 25 16 63 0 0 18 0 28 0 14 24 56 0 58 26 0 0 12 14 60 0 24 0 0 15 26 64 48 14 31 2 12 50 21 7 27 30 28 0 28 0 0 49 12 40 0 35 0 28 0 0 0 0 0 0 14
2 4 18 0 32 15 54 0 0 32 0 46 30 0 0 0 84 14 3 0 24 45 29 0 0 0 0 0 8 0 0 0 0 0 25 18 0 24 18 0 99 14 75 0 30 0 0 0 6 24 16 0 0 0 40 0 0 24 8 0 20 81 0 0
28 3 42 0 24 0 40 30 81 24 0 40 0 81 0 8 0 60 0 30 18 72 36 84 32 25 20 59 0 0 27 0 36 27 0 0 63 0 9 18 0 72 0 0 0 0 0 0 24 48 64 9 27 0 0 0 0 0 6 0 6 0 0 0
37 67 7 4 0 57 12 0 14 0 20 57 0 0 19 63 35 23 16 0 0 0 42 0 0 6 35 0 3 0 0 2 0 0 85 0 4 0 0 0 77 49 0 65 36 0 0 7 9 6 24 0 0 0 0 9 0 54 0 6 0 0 48 35
0 12 0 0 36 16 8 0 36 0 30 18 6 10 0 0 35 0 0 0 0 0 16 36 16 28 10 20 0 0 0 0 0 15 50 0 0 0 0 20 30 0 3 0 12 0 0 45 42 0 0 48 12 0 0 8 0 0 10 0 0 27 4 0
8 0 0 0 0 109 0 0 0 72 0 40 24 40 0 0 0 56 0 15 0 0 95 0 0 0 0 0 0 0 0 0 0 0 0 54 0 72 0 0 0 56 63 0 96 0 21 0 24 16 64 0 0 0 0 0 27 0 40 40 0 0 0 0
7 84 0 0 0 0 0 0 0 0 35 0 0 24 0 0 0 0 28 0 0 0 0 0 0 36 0 36 8 0 28 0 0 0 0 0 36 0 28 0 0 8 0 35 0 0 0 24 0 0 0 0 12 0 0 14 6 0 0 0 21 0 69 0
20 30 0 0 0 19 0 0 29 5 0 0 25 27 24 0 40 45 0 0 36 24 0 0 0 38 0 0 0 40 0 34 12 9 0 0 27 30 3 16 15 0 28 31 0 0 0 0 0 0 0 0 19 0 14 0 0 20 20 0 10 0 0 4
0 0 0 0 30 0 21 8 4 0 54 21 21 0 0 36 0 18 0 8 0 0 18 30 0 43 0 25 8 0 0 21 4 0 0 0 0 31 36 25 0 39 4 0 0 0 0 0 0 0 40 0 15 21 20 0 16 0 15 0 0 20 0 0
0 43 56 0 94 0 24 16 9 63 4 0 10 9 0 0 58 0 0 16 42 8 54 0 48 43 30 24 16 0 56 0 4 5 24 0 7 28 87 0 6 41 6 0 24 0 7 18 0 0 0 0 12 42 0 52 24 8 14 0 18 121 32 0
18 0 0 9 18 11 0 0 18 0 0 0 0 0 0 0 21 0 0 40 0 12 25 2 0 3 21 3 0 0 3 0 12 0 0 6 0 8 0 2 21 0 7 27 49 0 56 15 0 0 0 1 12 0 0 0 72 0 0 0 0 0 0 21
61 0 18 15 30 10 72 54 95 0 0 0 0 65 39 0 91 0 72 54 45 28 0 54 0 49 0 0 0 0 0 35 24 3 18 0 7 0 1 68 0 18 35 0 0 0 0 25 0 0 0 0 23 0 0 0 0 0 0 8 0 64 0 5
5 24 6 24 42 0 16 0 63 0 0 30 0 63 6 15 105 0 81 15 9 0 32 6 32 14 20 5 24 0 0 7 0 18 22 0 0 0 0 81 36 0 28 0 51 0 21 54 24 0 0 0 3 0 0 16 30 0 0 9 0 135 8 1
0 42 0 64 0 16 47 48 14 0 60 23 7 0 0 40 0 0 32 0 0 56 0 0 0 56 63 0 103 24 0 31 6 42 44 64 24 15 0 32 55 4 38 73 40 0 0 0 71 0 46 0 6 7 86 0 32 0 5 0 21 0 0 0
0 0 24 0 0 24 8 0 61 81 45 0 10 104 0 0 72 0 72 0 54 0 0 0 0 4 0 48 0 36 0 0 5 0 0 0 0 47 0 48 34 0 5 0 24 0 0 0 0 0 35 0 0 0 25 0 20 44 0 53 4 64 8 0
8 0 0 0 30 0 0 45 27 0 0 40 35 27 0 0 56 56 0 0 0 24 62 0 0 0 0 0 8 0 0 0 12 9 40 0 21 0 3 0 21 91 0 0 0 0 0 0 24 48 64 0 9 40 64 0 0 28 0 0 14 0 35 0
0 18 40 12 78 8 12 81 30 72 54 0 0 0 4 0 84 8 0 0 0 16 78 45 64 29 40 40 12 0 0 8 22 24 12 0 16 6 0 0 48 63 6 0 0 0 0 92 0 40 42 0 16 72 30 16 24 0 0 64 0 27 69 0
0 14 0 0 0 0 0 2 0 0 0 0 40 0 1 16 64 10 28 2 0 0 8 0 0 2 0 0 5 0 0 23 42 0 0 0 4 0 9 0 24 12 0 21 7 0 14 0 0 0 0 0 0 0 0 1 0 32 0 6 16 5 0 0
0 6 4 0 0 70 0 0 0 1 0 0 12 28 0 0 0 9 0 0 9 0 49 0 0 0 2 14 0 6 0 0 0 0 0 42 0 69 0 0 0 0 49 0 63 0 0 0 7 0 0 0 5 0 0 0 0 0 24 0 0 0 0 0
0 0 112 20 18 18 18 0 9 18 0 12 7 0 0 0 66 0 0 0 0 78 0 45 82 70 25 40 0 0 72 27 0 0 0 56 27 36 6 0 27 0 18 72 0 0 56 0 0 40 0 0 0 14 112 0 63 0 0 10 0 27 67 0
36 0 0 0 40 0 0 0 0 0 32 0 0 0 0 0 48 0 0 0 0 0 36 0 0 0 42 0 0 0 0 0 0 0 72 0 0 24 0 0 42 0 0 54 0 0 48 0 0 0 0 0 0 0 0 0 0 40 0 0 0 0 0 42
0 18 0 0 0 0 0 0 18 0 45 0 0 0 0 0 0 18 0 63 0 0 0 0 0 18 16 111 8 0 0 0 0 0 112 0 0 0 12 0 0 30 0 0 0 0 0 0 56 32 9 18 40 36 64 24 0 0 0 0 0 0 0 0
1 14 0 0 0 0 0 0 42 0 40 21 0 0 0 0 0 0 4 28 0 0 0 14 0 0 9 28 9 0 0 0 0 6 85 0 0 0 0 0 1 0 0 5 0 0 0 0 50 0 0 56 0 0 0 2 0 0 0 0 3 0 9 0
0 63 0 0 30 12 5 6 32 0 44 36 0 0 0 12 56 0 4 0 0 7 0 8 0 2 0 81 18 0 63 0 0 0 82 8 81 18 63 2 6 16 0 0 5 0 36 0 28 0 0 32 0 0 0 0 0 30 0 0 0 0 0 0
35 0 10 0 12 52 52 48 0 0 0 0 6 10 18 0 0 0 0 30 27 0 12 30 0 32 0 0 0 0 0 21 0 0 0 0 0 0 0 12 42 24 21 0 36 0 0 0 0 0 0 0 0 16 0 0 0 54 10 0 0 0 26 3
12 62 0 0 0 32 0 0 12 0 10 6 18 20 3 0 0 6 12 0 18 0 0 4 0 0 0 72 25 24 56 39 18 0 14 0 84 0 56 0 0 0 24 18 3 0 6 0 14 0 0 16 6 0 21 3 0 0 20 18 0 0 0 0
0 42 0 36 0 0 58 36 0 0 0 0 0 0 27 0 0 0 24 0 72 42 56 0 56 12 35 9 0 0 0 0 0 0 28 48 0 0 0 12 36 36 0 0 30 0 0 0 0 0 0 0 0 0 0 28 36 0 0 0 0 63 14 0
20 9 20 27 54 33 0 0 117 36 0 0 0 103 24 0 126 0 81 0 81 36 0 0 0 37 0 49 0 30 0 48 36 45 10 0 0 99 2 70 0 5 28 0 0 63 0 108 25 15 35 27 99 6 0 4 0 0 5 9 0 72 0 4
0 5 48 16 0 0 0 0 0 20 0 4 40 0 0 10 64 0 0 0 0 0 0 54 48 75 30 53 10 0 0 0 0 25 4 0 0 30 0 4 24 10 8 0 0 35 0 65 16 48 0 15 50 0 0 0 2 32 0 0 16 0 0 0
51 42 2 0 0 0 0 0 0 27 0 38 0 0 54 0 0 42 0 0 81 0 24 0 0 63 63 0 66 0 0 63 0 42 28 0 0 0 0 40 7 42 63 0 0 0 0 0 25 12 48 0 0 0 0 0 0 0 0 15 21 0 0 9
0 0 0 0 0 0 0 0 0 0 0 0 0 81 0 0 0 0 0 74 0 0 0 0 0 0 0 56 6 0 0 0 0 0 94 0 27 0 0 0 0 96 54 0 50 18 63 54 0 24 0 40 0 24 120 0 24 0 0 0 62 0 0 0
0 71 95 0 10 0 24 0 0 0 0 32 0 0 0 42 30 0 0 0 0 0 48 45 88 25 55 40 12 72 40 0 0 0 73 0 0 20 0 16 0 0 0 27 0 0 0 7 0 40 0 0 18 0 0 24 0 0 0 0 0 54 22 0
0 54 0 0 0 0 36 12 0 0 0 0 6 72 0 0 0 0 0 12 0 54 72 0 108 12 45 0 12 0 0 0 0 0 36 48 0 0 54 0 0 0 0 0 0 0 48 0 0 0 0 0 0 12 42 36 72 0 0 0 63 111 78 0
40 34 36 0 0 18 16 12 12 24 0 63 36 64 0 18 30 0 0 12 120 18 0 12 12 2 0 106 8 48 28 64 0 30 0 16 36 92 28 15 0 28 64 0 0 42 16 42 0 0 0 18 60 4 91 0 18 0 0 0 0 0 14 0
41 15 3 12 24 8 63 0 25 14 71 88 63 0 0 18 28 35 0 15 0 16 68 0 0 58 42 0 0 0 0 63 17 4 21 0 0 82 0 0 42 89 1 54 23 0 35 59 15 10 83 10 34 69 5 0 37 0 45 0 2 18 12 42
6 12 2 32 16 12 4 0 63 16 0 83 30 63 20 32 63 58 81 0 12 0 24 0 0 2 0 0 44 0 0 16 0 0 46 0 32 0 0 87 14 42 16 0 12 0 0 2 50 12 48 0 30 0 35 8 4 18 4 57 4 72 4 0
0 35 7 0 0 0 30 36 0 42 24 0 0 0 0 42 0 0 24 0 0 42 36 0 0 12 0 18 0 0 0 0 0 12 49 48 0 0 0 12 36 0 0 0 30 0 42 7 0 0 0 0 0 0 0 0 18 0 0 0 0 54 36 0
6 0 0 0 35 0 0 0 0 0 28 30 0 0 6 0 42 54 0 0 0 0 24 0 0 0 0 0 18 0 0 12 0 0 63 0 24 21 0 0 0 42 0 0 0 0 42 0 18 12 48 0 0 0 0 6 0 35 0 36 0 0 0 0
0 0 0 0 15 0 21 0 81 0 30 21 31 81 0 0 34 0 0 0 0 72 0 0 0 0 0 0 0 0 0 21 36 27 27 0 63 36 9 0 6 12 0 0 0 0 18 0 0 0 12 0 27 21 0 0 0 23 15 0 4 0 0 0
64 0 0 15 30 109 0 0 72 0 54 36 54 135 12 0 35 0 0 12 18 79 54 14 18 19 63 21 0 0 21 50 42 12 18 24 46 24 4 42 63 60 56 81 28 12 66 61 45 27 105 27 56 18 127 0 63 0 54 0 40 0 21 65
0 18 0 0 28 0 44 36 23 0 93 14 15 14 12 0 14 0 42 0 32 51 0 0 6 12 27 4 32 0 0 14 9 18 37 56 0 27 0 24 39 24 16 0 58 0 8 0 3 20 71 0 0 16 92 0 61 0 10 2 9 37 7 0
6 2 20 0 44 93 45 72 12 0 0 48 27 85 3 9 15 42 40 0 53 63 36 0 0 48 0 41 0 30 0 21 6 0 0 72 18 35 0 18 54 72 8 51 78 0 2 0 18 12 48 0 0 16 42 0 4 0 45 0 0 24 14 0
0 48 0 0 0 0 0 0 77 18 45 0 0 108 0 0 0 0 0 8 0 64 0 0 0 0 72 0 72 0 0 0 37 72 32 0 68 5 8 0 8 32 29 0 8 8 28 24 8 0 35 0 24 0 57 0 20 0 0 10 48 0 0 0
0 16 0 0 0 0 0 0 0 63 36 0 0 0 0 0 0 0 32 42 0 0 54 0 0 0 0 78 0 0 0 24 48 18 48 0 0 0 0 0 0 0 0 24 8 0 79 0 0 0 0 0 0 0 0 0 36 0 0 0 0 81 54 0
0 3 0 0 0 24 0 14 0 12 0 0 40 0 0 0 64 0 0 29 0 0 0 0 0 14 0 3 14 0 0 32 0 15 16 0 0 34 63 0 24 0 0 0 15 21 21 21 40 24 56 9 21 0 0 0 27 32 8 0 16 35 0 0
0 9 72 0 84 21 0 0 0 72 0 0 3 0 0 0 71 0 4 0 54 27 0 0 18 63 0 0 4 8 48 28 0 15 14 24 0 38 0 0 30 14 0 3 4 0 24 87 35 21 49 0 23 6 21 0 27 0 25 0 18 0 33 0
0 0 0 0 0 0 0 0 0 0 0 0 6 0 0 0 49 0 0 0 0 54 0 0 36 0 0 0 0 0 0 0 0 21 0 48 0 0 0 0 42 0 0 0 0 0 48 63 0 0 0 0 0 12 42 0 54 0 0 0 0 0 42 0
0 0 32 0 8 0 0 0 0 0 0 0 0 0 12 0 24 0 0 0 0 0 0 0 0 0 0 0 0 0 32 0 0 0 24 0 0 16 0 0 0 0 0 0 0 0 0 0 0 0 0 0 0 0 0 0 0 0 0 0 0 0 8 0
0 2 62 0 32 0 0 36 0 8 0 56 0 0 0 0 24 0 0 20 0 0 24 18 16 10 10 18 21 0 32 0 0 10 0 0 0 28 0 28 0 28 0 0 20 14 28 14 0 16 0 6 14 32 0 0 36 0 0 0 0 0 36 0
2 59 0 48 40 42 49 42 0 4 42 12 0 0 0 30 76 0 36 0 0 49 0 0 0 21 0 55 42 0 42 0 0 17 84 56 54 30 42 26 115 0 24 10 77 7 48 43 48 0 0 3 7 0 0 4 6 103 0 0 0 0 32 0
0 78 10 48 8 21 0 0 51 7 116 33 0 8 0 30 0 63 1 0 9 0 0 14 0 0 54 8 85 6 0 0 9 36 85 0 0 58 0 12 6 0 35 0 9 0 0 0 103 0 63 56 0 0 45 0 42 0 28 0 18 6 0 0
0 52 22 0 0 0 28 0 0 0 0 0 0 40 0 12 0 0 0 0 45 0 56 0 56 0 35 40 0 46 0 0 0 0 42 0 0 35 0 0 0 0 0 6 0 0 0 2 0 0 0 0 4 0 0 28 0 0 0 0 0 63 14 0
