1024 291536 -1
1024 250675 -1
1024 278504 -1
1024 273653 -1
1024 274409 -1
1024 279347 -1
1024 274253 -1
1024 273733 -1
1024 283740 -1
1024 274779 -1
1024 278203 -1
1024 249186 -1
1024 248910 -1
1024 285920 -1
1024 278787 -1
1024 281261 -1
1024 280284 -1
1024 281465 -1
1024 300285 -1
1024 286866 -1
1024 272328 -1
1024 274895 -1
1024 294077 -1
1024 271081 -1
1024 267109 -1
1024 268365 -1
1024 270521 -1
1024 251733 -1
1024 356311 -1
1024 614901 -1
16 6.5896 -1
16 5.8888 -1
16 5.3071 -1
16 6.5727 -1
16 2.9865 -1
16 6.166 -1
16 5.5562 -1
16 6.152 -1
16 7.3721 -1
16 6.4948 -1
16 6.0005 -1
16 5.7469 -1
16 9.5711 -1
16 5.6026 -1
16 8.7962 -1
16 3.2847 -1
16 3.4819 -1
16 5.8084 -1
256 9006.49 -1
256 8234.11 -1
256 8784.13 -1
256 8614.88 -1
256 8598.46 -1
256 8815.3 -1
256 9886.28 -1
256 20210.9 -1
256 22108.4 -1
256 19216.8 -1
256 21211.6 -1
256 19631.7 -1
256 19793.1 -1
256 19831 -1
256 18818.2 -1
256 19180.8 -1
256 19783.6 -1
256 19360.7 -1
64 422.099 -1
64 400.647 -1
64 350.257 -1
64 376.309 -1
64 361.062 -1
64 423.581 -1
64 370.472 -1
64 386.682 -1
64 379.222 -1
64 372.976 -1
64 483.325 -1
64 367.942 -1
64 474.363 -1
64 427.508 -1
64 381.865 -1
64 374.95 -1
64 369.327 -1
64 371.132 -1
