1024 762.639 -1
1024 655.717 -1
1024 768.368 -1
1024 708.117 -1
1024 1028.55 -1
1024 773.425 -1
1024 760.295 -1
1024 768.616 -1
1024 700.738 -1
1024 792.952 -1
1024 748.659 -1
1024 645.603 -1
1024 639.734 -1
1024 763.83 -1
1024 865.288 -1
1024 784.833 -1
1024 758.448 -1
1024 758.168 -1
1024 759.915 -1
1024 960.749 -1
1024 819.267 -1
1024 806.728 -1
1024 934.724 -1
1024 807.053 -1
1024 832.709 -1
1024 941.38 -1
1024 763.89 -1
1024 752.789 -1
1024 769.326 -1
1024 655.83 -1
1024 1409.52 -1
16 0.0154 -1
16 0.0093 -1
16 0.0109 -1
16 0.0395 -1
16 0.0086 -1
16 0.0102 -1
16 0.0175 -1
16 0.0103 -1
16 0.0138 -1
16 0.0074 -1
16 0.0142 -1
16 0.0096 -1
16 0.0103 -1
16 0.0101 -1
16 0.01 -1
16 0.0042 -1
16 0.0177 -1
16 0.0177 -1
256 27.9574 -1
256 28.7649 -1
256 31.5782 -1
256 26.4926 -1
256 28.083 -1
256 27.0978 -1
256 25.5962 -1
256 38.1744 -1
256 37.5388 -1
256 39.3966 -1
256 36.8618 -1
256 37.4825 -1
256 47.4751 -1
256 36.6134 -1
256 37.8786 -1
256 39.1894 -1
256 41.8291 -1
256 41.4559 -1
64 0.8846 -1
64 0.6749 -1
64 0.8877 -1
64 1.1528 -1
64 0.6669 -1
64 0.8063 -1
64 1.022 -1
64 0.8572 -1
64 0.9748 -1
64 0.988 -1
64 0.9265 -1
64 0.7514 -1
64 0.9331 -1
64 0.9359 -1
64 0.6768 -1
64 1.7093 -1
64 0.8896 -1
64 0.6992 -1
